#R heeft geen specifieke Long,short of char type
#Daarom kunnen we zo schrijven
#short
hoeveelKopjesSuiker <- 2

#long
MijnBankRekeningNummer <- 9218021490821904821042982094908129048921048120481290840218490412904980124890124812


#char
VoorletterNaam <- 'r'